1.0 14 14 15     Initial Pwave model in 20kmx20km grid from 1PS.final.pref.rev.MOD   NB2020Pt
-100.0 0.0 20.0 40.0 60.0 80.0 100.0 120.0 140.0 160.0 180.0 200.0 220.0 350.00
-100.0 0.0 20.0 40.0 60.0 80.0 100.0 120.0 140.0 160.0 180.0 200.0 220.0 350.00
-10.0 0.0 5.0 9.0 13.0 16.0 20.0 25.0 30.0 35.0 40.0 50.0 65.0 90.0 700.0
  0  0  0
 3.00 3.00 3.00 3.00 3.00 3.00 3.00 3.00 3.00 3.00 3.00 3.00 3.00 3.00
 3.00 3.00 3.00 3.00 3.00 3.00 3.00 3.00 3.00 3.00 3.00 3.00 3.00 3.00
 3.00 3.00 3.00 3.00 3.00 3.00 3.00 3.00 3.00 3.00 3.00 3.00 3.00 3.00
 3.00 3.00 3.00 3.00 3.00 3.00 3.00 3.00 3.00 3.00 3.00 3.00 3.00 3.00
 3.00 3.00 3.00 3.00 3.00 3.00 3.00 3.00 3.00 3.00 3.00 3.00 3.00 3.00
 3.00 3.00 3.00 3.00 3.00 3.00 3.00 3.00 3.00 3.00 3.00 3.00 3.00 3.00
 3.00 3.00 3.00 3.00 3.00 3.00 3.00 3.00 3.00 3.00 3.00 3.00 3.00 3.00
 3.00 3.00 3.00 3.00 3.00 3.00 3.00 3.00 3.00 3.00 3.00 3.00 3.00 3.00
 3.00 3.00 3.00 3.00 3.00 3.00 3.00 3.00 3.00 3.00 3.00 3.00 3.00 3.00
 3.00 3.00 3.00 3.00 3.00 3.00 3.00 3.00 3.00 3.00 3.00 3.00 3.00 3.00
 3.00 3.00 3.00 3.00 3.00 3.00 3.00 3.00 3.00 3.00 3.00 3.00 3.00 3.00
 3.00 3.00 3.00 3.00 3.00 3.00 3.00 3.00 3.00 3.00 3.00 3.00 3.00 3.00
 3.00 3.00 3.00 3.00 3.00 3.00 3.00 3.00 3.00 3.00 3.00 3.00 3.00 3.00
 3.00 3.00 3.00 3.00 3.00 3.00 3.00 3.00 3.00 3.00 3.00 3.00 3.00 3.00
 5.35 5.35 5.35 5.35 5.35 5.35 5.35 5.35 5.35 5.35 5.35 5.35 5.35 5.35
 5.35 5.35 5.35 5.35 5.35 5.35 5.35 5.35 5.35 5.35 5.35 5.35 5.35 5.35
 5.35 5.35 5.35 5.35 5.35 5.35 5.35 5.35 5.35 5.35 5.35 5.35 5.35 5.35
 5.35 5.35 5.35 5.35 5.35 5.35 5.35 5.35 5.35 5.35 5.35 5.35 5.35 5.35
 5.35 5.35 5.35 5.35 5.35 5.35 5.35 5.35 5.35 5.35 5.35 5.35 5.35 5.35
 5.35 5.35 5.35 5.35 5.35 5.35 5.35 5.35 5.35 5.35 5.35 5.35 5.35 5.35
 5.35 5.35 5.35 5.35 5.35 5.35 5.35 5.35 5.35 5.35 5.35 5.35 5.35 5.35
 5.35 5.35 5.35 5.35 5.35 5.35 5.35 5.35 5.35 5.35 5.35 5.35 5.35 5.35
 5.35 5.35 5.35 5.35 5.35 5.35 5.35 5.35 5.35 5.35 5.35 5.35 5.35 5.35
 5.35 5.35 5.35 5.35 5.35 5.35 5.35 5.35 5.35 5.35 5.35 5.35 5.35 5.35
 5.35 5.35 5.35 5.35 5.35 5.35 5.35 5.35 5.35 5.35 5.35 5.35 5.35 5.35
 5.35 5.35 5.35 5.35 5.35 5.35 5.35 5.35 5.35 5.35 5.35 5.35 5.35 5.35
 5.35 5.35 5.35 5.35 5.35 5.35 5.35 5.35 5.35 5.35 5.35 5.35 5.35 5.35
 5.35 5.35 5.35 5.35 5.35 5.35 5.35 5.35 5.35 5.35 5.35 5.35 5.35 5.35
 6.12 6.12 6.12 6.12 6.12 6.12 6.12 6.12 6.12 6.12 6.12 6.12 6.12 6.12
 6.12 6.12 6.12 6.12 6.12 6.12 6.12 6.12 6.12 6.12 6.12 6.12 6.12 6.12
 6.12 6.12 6.12 6.12 6.12 6.12 6.12 6.12 6.12 6.12 6.12 6.12 6.12 6.12
 6.12 6.12 6.12 6.12 6.12 6.12 6.12 6.12 6.12 6.12 6.12 6.12 6.12 6.12
 6.12 6.12 6.12 6.12 6.12 6.12 6.12 6.12 6.12 6.12 6.12 6.12 6.12 6.12
 6.12 6.12 6.12 6.12 6.12 6.12 6.12 6.12 6.12 6.12 6.12 6.12 6.12 6.12
 6.12 6.12 6.12 6.12 6.12 6.12 6.12 6.12 6.12 6.12 6.12 6.12 6.12 6.12
 6.12 6.12 6.12 6.12 6.12 6.12 6.12 6.12 6.12 6.12 6.12 6.12 6.12 6.12
 6.12 6.12 6.12 6.12 6.12 6.12 6.12 6.12 6.12 6.12 6.12 6.12 6.12 6.12
 6.12 6.12 6.12 6.12 6.12 6.12 6.12 6.12 6.12 6.12 6.12 6.12 6.12 6.12
 6.12 6.12 6.12 6.12 6.12 6.12 6.12 6.12 6.12 6.12 6.12 6.12 6.12 6.12
 6.12 6.12 6.12 6.12 6.12 6.12 6.12 6.12 6.12 6.12 6.12 6.12 6.12 6.12
 6.12 6.12 6.12 6.12 6.12 6.12 6.12 6.12 6.12 6.12 6.12 6.12 6.12 6.12
 6.12 6.12 6.12 6.12 6.12 6.12 6.12 6.12 6.12 6.12 6.12 6.12 6.12 6.12
 6.12 6.12 6.12 6.12 6.12 6.12 6.12 6.12 6.12 6.12 6.12 6.12 6.12 6.12
 6.12 6.12 6.12 6.12 6.12 6.12 6.12 6.12 6.12 6.12 6.12 6.12 6.12 6.12
 6.12 6.12 6.12 6.12 6.12 6.12 6.12 6.12 6.12 6.12 6.12 6.12 6.12 6.12
 6.12 6.12 6.12 6.12 6.12 6.12 6.12 6.12 6.12 6.12 6.12 6.12 6.12 6.12
 6.12 6.12 6.12 6.12 6.12 6.12 6.12 6.12 6.12 6.12 6.12 6.12 6.12 6.12
 6.12 6.12 6.12 6.12 6.12 6.12 6.12 6.12 6.12 6.12 6.12 6.12 6.12 6.12
 6.12 6.12 6.12 6.12 6.12 6.12 6.12 6.12 6.12 6.12 6.12 6.12 6.12 6.12
 6.12 6.12 6.12 6.12 6.12 6.12 6.12 6.12 6.12 6.12 6.12 6.12 6.12 6.12
 6.12 6.12 6.12 6.12 6.12 6.12 6.12 6.12 6.12 6.12 6.12 6.12 6.12 6.12
 6.12 6.12 6.12 6.12 6.12 6.12 6.12 6.12 6.12 6.12 6.12 6.12 6.12 6.12
 6.12 6.12 6.12 6.12 6.12 6.12 6.12 6.12 6.12 6.12 6.12 6.12 6.12 6.12
 6.12 6.12 6.12 6.12 6.12 6.12 6.12 6.12 6.12 6.12 6.12 6.12 6.12 6.12
 6.12 6.12 6.12 6.12 6.12 6.12 6.12 6.12 6.12 6.12 6.12 6.12 6.12 6.12
 6.12 6.12 6.12 6.12 6.12 6.12 6.12 6.12 6.12 6.12 6.12 6.12 6.12 6.12
 6.28 6.28 6.28 6.28 6.28 6.28 6.28 6.28 6.28 6.28 6.28 6.28 6.28 6.28
 6.28 6.28 6.28 6.28 6.28 6.28 6.28 6.28 6.28 6.28 6.28 6.28 6.28 6.28
 6.28 6.28 6.28 6.28 6.28 6.28 6.28 6.28 6.28 6.28 6.28 6.28 6.28 6.28
 6.28 6.28 6.28 6.28 6.28 6.28 6.28 6.28 6.28 6.28 6.28 6.28 6.28 6.28
 6.28 6.28 6.28 6.28 6.28 6.28 6.28 6.28 6.28 6.28 6.28 6.28 6.28 6.28
 6.28 6.28 6.28 6.28 6.28 6.28 6.28 6.28 6.28 6.28 6.28 6.28 6.28 6.28
 6.28 6.28 6.28 6.28 6.28 6.28 6.28 6.28 6.28 6.28 6.28 6.28 6.28 6.28
 6.28 6.28 6.28 6.28 6.28 6.28 6.28 6.28 6.28 6.28 6.28 6.28 6.28 6.28
 6.28 6.28 6.28 6.28 6.28 6.28 6.28 6.28 6.28 6.28 6.28 6.28 6.28 6.28
 6.28 6.28 6.28 6.28 6.28 6.28 6.28 6.28 6.28 6.28 6.28 6.28 6.28 6.28
 6.28 6.28 6.28 6.28 6.28 6.28 6.28 6.28 6.28 6.28 6.28 6.28 6.28 6.28
 6.28 6.28 6.28 6.28 6.28 6.28 6.28 6.28 6.28 6.28 6.28 6.28 6.28 6.28
 6.28 6.28 6.28 6.28 6.28 6.28 6.28 6.28 6.28 6.28 6.28 6.28 6.28 6.28
 6.28 6.28 6.28 6.28 6.28 6.28 6.28 6.28 6.28 6.28 6.28 6.28 6.28 6.28
 6.46 6.46 6.46 6.46 6.46 6.46 6.46 6.46 6.46 6.46 6.46 6.46 6.46 6.46
 6.46 6.46 6.46 6.46 6.46 6.46 6.46 6.46 6.46 6.46 6.46 6.46 6.46 6.46
 6.46 6.46 6.46 6.46 6.46 6.46 6.46 6.46 6.46 6.46 6.46 6.46 6.46 6.46
 6.46 6.46 6.46 6.46 6.46 6.46 6.46 6.46 6.46 6.46 6.46 6.46 6.46 6.46
 6.46 6.46 6.46 6.46 6.46 6.46 6.46 6.46 6.46 6.46 6.46 6.46 6.46 6.46
 6.46 6.46 6.46 6.46 6.46 6.46 6.46 6.46 6.46 6.46 6.46 6.46 6.46 6.46
 6.46 6.46 6.46 6.46 6.46 6.46 6.46 6.46 6.46 6.46 6.46 6.46 6.46 6.46
 6.46 6.46 6.46 6.46 6.46 6.46 6.46 6.46 6.46 6.46 6.46 6.46 6.46 6.46
 6.46 6.46 6.46 6.46 6.46 6.46 6.46 6.46 6.46 6.46 6.46 6.46 6.46 6.46
 6.46 6.46 6.46 6.46 6.46 6.46 6.46 6.46 6.46 6.46 6.46 6.46 6.46 6.46
 6.46 6.46 6.46 6.46 6.46 6.46 6.46 6.46 6.46 6.46 6.46 6.46 6.46 6.46
 6.46 6.46 6.46 6.46 6.46 6.46 6.46 6.46 6.46 6.46 6.46 6.46 6.46 6.46
 6.46 6.46 6.46 6.46 6.46 6.46 6.46 6.46 6.46 6.46 6.46 6.46 6.46 6.46
 6.46 6.46 6.46 6.46 6.46 6.46 6.46 6.46 6.46 6.46 6.46 6.46 6.46 6.46
 6.72 6.72 6.72 6.72 6.72 6.72 6.72 6.72 6.72 6.72 6.72 6.72 6.72 6.72
 6.72 6.72 6.72 6.72 6.72 6.72 6.72 6.72 6.72 6.72 6.72 6.72 6.72 6.72
 6.72 6.72 6.72 6.72 6.72 6.72 6.72 6.72 6.72 6.72 6.72 6.72 6.72 6.72
 6.72 6.72 6.72 6.72 6.72 6.72 6.72 6.72 6.72 6.72 6.72 6.72 6.72 6.72
 6.72 6.72 6.72 6.72 6.72 6.72 6.72 6.72 6.72 6.72 6.72 6.72 6.72 6.72
 6.72 6.72 6.72 6.72 6.72 6.72 6.72 6.72 6.72 6.72 6.72 6.72 6.72 6.72
 6.72 6.72 6.72 6.72 6.72 6.72 6.72 6.72 6.72 6.72 6.72 6.72 6.72 6.72
 6.72 6.72 6.72 6.72 6.72 6.72 6.72 6.72 6.72 6.72 6.72 6.72 6.72 6.72
 6.72 6.72 6.72 6.72 6.72 6.72 6.72 6.72 6.72 6.72 6.72 6.72 6.72 6.72
 6.72 6.72 6.72 6.72 6.72 6.72 6.72 6.72 6.72 6.72 6.72 6.72 6.72 6.72
 6.72 6.72 6.72 6.72 6.72 6.72 6.72 6.72 6.72 6.72 6.72 6.72 6.72 6.72
 6.72 6.72 6.72 6.72 6.72 6.72 6.72 6.72 6.72 6.72 6.72 6.72 6.72 6.72
 6.72 6.72 6.72 6.72 6.72 6.72 6.72 6.72 6.72 6.72 6.72 6.72 6.72 6.72
 6.72 6.72 6.72 6.72 6.72 6.72 6.72 6.72 6.72 6.72 6.72 6.72 6.72 6.72
 7.01 7.01 7.01 7.01 7.01 7.01 7.01 7.01 7.01 7.01 7.01 7.01 7.01 7.01
 7.01 7.01 7.01 7.01 7.01 7.01 7.01 7.01 7.01 7.01 7.01 7.01 7.01 7.01
 7.01 7.01 7.01 7.01 7.01 7.01 7.01 7.01 7.01 7.01 7.01 7.01 7.01 7.01
 7.01 7.01 7.01 7.01 7.01 7.01 7.01 7.01 7.01 7.01 7.01 7.01 7.01 7.01
 7.01 7.01 7.01 7.01 7.01 7.01 7.01 7.01 7.01 7.01 7.01 7.01 7.01 7.01
 7.01 7.01 7.01 7.01 7.01 7.01 7.01 7.01 7.01 7.01 7.01 7.01 7.01 7.01
 7.01 7.01 7.01 7.01 7.01 7.01 7.01 7.01 7.01 7.01 7.01 7.01 7.01 7.01
 7.01 7.01 7.01 7.01 7.01 7.01 7.01 7.01 7.01 7.01 7.01 7.01 7.01 7.01
 7.01 7.01 7.01 7.01 7.01 7.01 7.01 7.01 7.01 7.01 7.01 7.01 7.01 7.01
 7.01 7.01 7.01 7.01 7.01 7.01 7.01 7.01 7.01 7.01 7.01 7.01 7.01 7.01
 7.01 7.01 7.01 7.01 7.01 7.01 7.01 7.01 7.01 7.01 7.01 7.01 7.01 7.01
 7.01 7.01 7.01 7.01 7.01 7.01 7.01 7.01 7.01 7.01 7.01 7.01 7.01 7.01
 7.01 7.01 7.01 7.01 7.01 7.01 7.01 7.01 7.01 7.01 7.01 7.01 7.01 7.01
 7.01 7.01 7.01 7.01 7.01 7.01 7.01 7.01 7.01 7.01 7.01 7.01 7.01 7.01
 7.39 7.39 7.39 7.39 7.39 7.39 7.39 7.39 7.39 7.39 7.39 7.39 7.39 7.39
 7.39 7.39 7.39 7.39 7.39 7.39 7.39 7.39 7.39 7.39 7.39 7.39 7.39 7.39
 7.39 7.39 7.39 7.39 7.39 7.39 7.39 7.39 7.39 7.39 7.39 7.39 7.39 7.39
 7.39 7.39 7.39 7.39 7.39 7.39 7.39 7.39 7.39 7.39 7.39 7.39 7.39 7.39
 7.39 7.39 7.39 7.39 7.39 7.39 7.39 7.39 7.39 7.39 7.39 7.39 7.39 7.39
 7.39 7.39 7.39 7.39 7.39 7.39 7.39 7.39 7.39 7.39 7.39 7.39 7.39 7.39
 7.39 7.39 7.39 7.39 7.39 7.39 7.39 7.39 7.39 7.39 7.39 7.39 7.39 7.39
 7.39 7.39 7.39 7.39 7.39 7.39 7.39 7.39 7.39 7.39 7.39 7.39 7.39 7.39
 7.39 7.39 7.39 7.39 7.39 7.39 7.39 7.39 7.39 7.39 7.39 7.39 7.39 7.39
 7.39 7.39 7.39 7.39 7.39 7.39 7.39 7.39 7.39 7.39 7.39 7.39 7.39 7.39
 7.39 7.39 7.39 7.39 7.39 7.39 7.39 7.39 7.39 7.39 7.39 7.39 7.39 7.39
 7.39 7.39 7.39 7.39 7.39 7.39 7.39 7.39 7.39 7.39 7.39 7.39 7.39 7.39
 7.39 7.39 7.39 7.39 7.39 7.39 7.39 7.39 7.39 7.39 7.39 7.39 7.39 7.39
 7.39 7.39 7.39 7.39 7.39 7.39 7.39 7.39 7.39 7.39 7.39 7.39 7.39 7.39
 7.55 7.55 7.55 7.55 7.55 7.55 7.55 7.55 7.55 7.55 7.55 7.55 7.55 7.55
 7.55 7.55 7.55 7.55 7.55 7.55 7.55 7.55 7.55 7.55 7.55 7.55 7.55 7.55
 7.55 7.55 7.55 7.55 7.55 7.55 7.55 7.55 7.55 7.55 7.55 7.55 7.55 7.55
 7.55 7.55 7.55 7.55 7.55 7.55 7.55 7.55 7.55 7.55 7.55 7.55 7.55 7.55
 7.55 7.55 7.55 7.55 7.55 7.55 7.55 7.55 7.55 7.55 7.55 7.55 7.55 7.55
 7.55 7.55 7.55 7.55 7.55 7.55 7.55 7.55 7.55 7.55 7.55 7.55 7.55 7.55
 7.55 7.55 7.55 7.55 7.55 7.55 7.55 7.55 7.55 7.55 7.55 7.55 7.55 7.55
 7.55 7.55 7.55 7.55 7.55 7.55 7.55 7.55 7.55 7.55 7.55 7.55 7.55 7.55
 7.55 7.55 7.55 7.55 7.55 7.55 7.55 7.55 7.55 7.55 7.55 7.55 7.55 7.55
 7.55 7.55 7.55 7.55 7.55 7.55 7.55 7.55 7.55 7.55 7.55 7.55 7.55 7.55
 7.55 7.55 7.55 7.55 7.55 7.55 7.55 7.55 7.55 7.55 7.55 7.55 7.55 7.55
 7.55 7.55 7.55 7.55 7.55 7.55 7.55 7.55 7.55 7.55 7.55 7.55 7.55 7.55
 7.55 7.55 7.55 7.55 7.55 7.55 7.55 7.55 7.55 7.55 7.55 7.55 7.55 7.55
 7.55 7.55 7.55 7.55 7.55 7.55 7.55 7.55 7.55 7.55 7.55 7.55 7.55 7.55
 8.14 8.14 8.14 8.14 8.14 8.14 8.14 8.14 8.14 8.14 8.14 8.14 8.14 8.14
 8.14 8.14 8.14 8.14 8.14 8.14 8.14 8.14 8.14 8.14 8.14 8.14 8.14 8.14
 8.14 8.14 8.14 8.14 8.14 8.14 8.14 8.14 8.14 8.14 8.14 8.14 8.14 8.14
 8.14 8.14 8.14 8.14 8.14 8.14 8.14 8.14 8.14 8.14 8.14 8.14 8.14 8.14
 8.14 8.14 8.14 8.14 8.14 8.14 8.14 8.14 8.14 8.14 8.14 8.14 8.14 8.14
 8.14 8.14 8.14 8.14 8.14 8.14 8.14 8.14 8.14 8.14 8.14 8.14 8.14 8.14
 8.14 8.14 8.14 8.14 8.14 8.14 8.14 8.14 8.14 8.14 8.14 8.14 8.14 8.14
 8.14 8.14 8.14 8.14 8.14 8.14 8.14 8.14 8.14 8.14 8.14 8.14 8.14 8.14
 8.14 8.14 8.14 8.14 8.14 8.14 8.14 8.14 8.14 8.14 8.14 8.14 8.14 8.14
 8.14 8.14 8.14 8.14 8.14 8.14 8.14 8.14 8.14 8.14 8.14 8.14 8.14 8.14
 8.14 8.14 8.14 8.14 8.14 8.14 8.14 8.14 8.14 8.14 8.14 8.14 8.14 8.14
 8.14 8.14 8.14 8.14 8.14 8.14 8.14 8.14 8.14 8.14 8.14 8.14 8.14 8.14
 8.14 8.14 8.14 8.14 8.14 8.14 8.14 8.14 8.14 8.14 8.14 8.14 8.14 8.14
 8.14 8.14 8.14 8.14 8.14 8.14 8.14 8.14 8.14 8.14 8.14 8.14 8.14 8.14
 8.14 8.14 8.14 8.14 8.14 8.14 8.14 8.14 8.14 8.14 8.14 8.14 8.14 8.14
 8.14 8.14 8.14 8.14 8.14 8.14 8.14 8.14 8.14 8.14 8.14 8.14 8.14 8.14
 8.14 8.14 8.14 8.14 8.14 8.14 8.14 8.14 8.14 8.14 8.14 8.14 8.14 8.14
 8.14 8.14 8.14 8.14 8.14 8.14 8.14 8.14 8.14 8.14 8.14 8.14 8.14 8.14
 8.14 8.14 8.14 8.14 8.14 8.14 8.14 8.14 8.14 8.14 8.14 8.14 8.14 8.14
 8.14 8.14 8.14 8.14 8.14 8.14 8.14 8.14 8.14 8.14 8.14 8.14 8.14 8.14
 8.14 8.14 8.14 8.14 8.14 8.14 8.14 8.14 8.14 8.14 8.14 8.14 8.14 8.14
 8.14 8.14 8.14 8.14 8.14 8.14 8.14 8.14 8.14 8.14 8.14 8.14 8.14 8.14
 8.14 8.14 8.14 8.14 8.14 8.14 8.14 8.14 8.14 8.14 8.14 8.14 8.14 8.14
 8.14 8.14 8.14 8.14 8.14 8.14 8.14 8.14 8.14 8.14 8.14 8.14 8.14 8.14
 8.14 8.14 8.14 8.14 8.14 8.14 8.14 8.14 8.14 8.14 8.14 8.14 8.14 8.14
 8.14 8.14 8.14 8.14 8.14 8.14 8.14 8.14 8.14 8.14 8.14 8.14 8.14 8.14
 8.14 8.14 8.14 8.14 8.14 8.14 8.14 8.14 8.14 8.14 8.14 8.14 8.14 8.14
 8.14 8.14 8.14 8.14 8.14 8.14 8.14 8.14 8.14 8.14 8.14 8.14 8.14 8.14
 8.26 8.26 8.26 8.26 8.26 8.26 8.26 8.26 8.26 8.26 8.26 8.26 8.26 8.26
 8.26 8.26 8.26 8.26 8.26 8.26 8.26 8.26 8.26 8.26 8.26 8.26 8.26 8.26
 8.26 8.26 8.26 8.26 8.26 8.26 8.26 8.26 8.26 8.26 8.26 8.26 8.26 8.26
 8.26 8.26 8.26 8.26 8.26 8.26 8.26 8.26 8.26 8.26 8.26 8.26 8.26 8.26
 8.26 8.26 8.26 8.26 8.26 8.26 8.26 8.26 8.26 8.26 8.26 8.26 8.26 8.26
 8.26 8.26 8.26 8.26 8.26 8.26 8.26 8.26 8.26 8.26 8.26 8.26 8.26 8.26
 8.26 8.26 8.26 8.26 8.26 8.26 8.26 8.26 8.26 8.26 8.26 8.26 8.26 8.26
 8.26 8.26 8.26 8.26 8.26 8.26 8.26 8.26 8.26 8.26 8.26 8.26 8.26 8.26
 8.26 8.26 8.26 8.26 8.26 8.26 8.26 8.26 8.26 8.26 8.26 8.26 8.26 8.26
 8.26 8.26 8.26 8.26 8.26 8.26 8.26 8.26 8.26 8.26 8.26 8.26 8.26 8.26
 8.26 8.26 8.26 8.26 8.26 8.26 8.26 8.26 8.26 8.26 8.26 8.26 8.26 8.26
 8.26 8.26 8.26 8.26 8.26 8.26 8.26 8.26 8.26 8.26 8.26 8.26 8.26 8.26
 8.26 8.26 8.26 8.26 8.26 8.26 8.26 8.26 8.26 8.26 8.26 8.26 8.26 8.26
 8.26 8.26 8.26 8.26 8.26 8.26 8.26 8.26 8.26 8.26 8.26 8.26 8.26 8.26
 8.26 8.26 8.26 8.26 8.26 8.26 8.26 8.26 8.26 8.26 8.26 8.26 8.26 8.26
 8.26 8.26 8.26 8.26 8.26 8.26 8.26 8.26 8.26 8.26 8.26 8.26 8.26 8.26
 8.26 8.26 8.26 8.26 8.26 8.26 8.26 8.26 8.26 8.26 8.26 8.26 8.26 8.26
 8.26 8.26 8.26 8.26 8.26 8.26 8.26 8.26 8.26 8.26 8.26 8.26 8.26 8.26
 8.26 8.26 8.26 8.26 8.26 8.26 8.26 8.26 8.26 8.26 8.26 8.26 8.26 8.26
 8.26 8.26 8.26 8.26 8.26 8.26 8.26 8.26 8.26 8.26 8.26 8.26 8.26 8.26
 8.26 8.26 8.26 8.26 8.26 8.26 8.26 8.26 8.26 8.26 8.26 8.26 8.26 8.26
 8.26 8.26 8.26 8.26 8.26 8.26 8.26 8.26 8.26 8.26 8.26 8.26 8.26 8.26
 8.26 8.26 8.26 8.26 8.26 8.26 8.26 8.26 8.26 8.26 8.26 8.26 8.26 8.26
 8.26 8.26 8.26 8.26 8.26 8.26 8.26 8.26 8.26 8.26 8.26 8.26 8.26 8.26
 8.26 8.26 8.26 8.26 8.26 8.26 8.26 8.26 8.26 8.26 8.26 8.26 8.26 8.26
 8.26 8.26 8.26 8.26 8.26 8.26 8.26 8.26 8.26 8.26 8.26 8.26 8.26 8.26
 8.26 8.26 8.26 8.26 8.26 8.26 8.26 8.26 8.26 8.26 8.26 8.26 8.26 8.26
 8.26 8.26 8.26 8.26 8.26 8.26 8.26 8.26 8.26 8.26 8.26 8.26 8.26 8.26
 10.30 10.30 10.30 10.30 10.30 10.30 10.30 10.30 10.30 10.30 10.30 10.30 10.30 10.30
 10.30 10.30 10.30 10.30 10.30 10.30 10.30 10.30 10.30 10.30 10.30 10.30 10.30 10.30
 10.30 10.30 10.30 10.30 10.30 10.30 10.30 10.30 10.30 10.30 10.30 10.30 10.30 10.30
 10.30 10.30 10.30 10.30 10.30 10.30 10.30 10.30 10.30 10.30 10.30 10.30 10.30 10.30
 10.30 10.30 10.30 10.30 10.30 10.30 10.30 10.30 10.30 10.30 10.30 10.30 10.30 10.30
 10.30 10.30 10.30 10.30 10.30 10.30 10.30 10.30 10.30 10.30 10.30 10.30 10.30 10.30
 10.30 10.30 10.30 10.30 10.30 10.30 10.30 10.30 10.30 10.30 10.30 10.30 10.30 10.30
 10.30 10.30 10.30 10.30 10.30 10.30 10.30 10.30 10.30 10.30 10.30 10.30 10.30 10.30
 10.30 10.30 10.30 10.30 10.30 10.30 10.30 10.30 10.30 10.30 10.30 10.30 10.30 10.30
 10.30 10.30 10.30 10.30 10.30 10.30 10.30 10.30 10.30 10.30 10.30 10.30 10.30 10.30
 10.30 10.30 10.30 10.30 10.30 10.30 10.30 10.30 10.30 10.30 10.30 10.30 10.30 10.30
 10.30 10.30 10.30 10.30 10.30 10.30 10.30 10.30 10.30 10.30 10.30 10.30 10.30 10.30
 10.30 10.30 10.30 10.30 10.30 10.30 10.30 10.30 10.30 10.30 10.30 10.30 10.30 10.30
 10.30 10.30 10.30 10.30 10.30 10.30 10.30 10.30 10.30 10.30 10.30 10.30 10.30 10.30
