> -100 contour -Z-100
276	9.9743378073	-100
275.954531923	10	-100
275.95	10.0025461465	-100
275.9	10.0330586627	-100
275.874699119	10.05	-100
275.85	10.0666080356	-100
275.804178363	10.1	-100
275.8	10.1030660897	-100
275.75	10.1417865537	-100
275.739897023	10.15	-100
275.7	10.1825507224	-100
275.67937834	10.2	-100
275.65	10.2248221457	-100
275.620870489	10.25	-100
275.6	10.2678936034	-100
275.562992847	10.3	-100
275.55	10.3111046612	-100
275.504681289	10.35	-100
275.5	10.3539347738	-100
275.45	10.3957955755	-100
275.444945818	10.4	-100
275.4	10.4364694864	-100
275.383282392	10.45	-100
275.35	10.4762474611	-100
275.319868165	10.5	-100
275.3	10.5152743936	-100
275.254952049	10.55	-100
275.25	10.5537319869	-100
275.2	10.5912405573	-100
275.188343246	10.6	-100
275.15	10.6283013687	-100
275.120871165	10.65	-100
275.1	10.6653302282	-100
275.053336918	10.7	-100
275.05	10.7024543405	-100
275	10.739177455	-100
274.985434756	10.75	-100
274.95	10.7761833757	-100
274.918336108	10.8	-100
274.9	10.8137606055	-100
274.852675989	10.85	-100
274.85	10.8520494491	-100
274.8	10.8906838164	-100
274.788198607	10.9	-100
274.75	10.9301930487	-100
274.725550073	10.95	-100
274.7	10.970703283	-100
274.664685714	11	-100
274.65	11.0121549577	-100
274.605269477	11.05	-100
274.6	11.0544326663	-100
274.55	11.097228975	-100
274.54681188	11.1	-100
274.5	11.1403403439	-100
274.489035571	11.15	-100
274.45	11.1840600774	-100
274.432173851	11.2	-100
274.4	11.2285105184	-100
274.376417483	11.25	-100
274.35	11.2739034653	-100
274.32204234	11.3	-100
274.3	11.3204835713	-100
274.269259259	11.35	-100
274.25	11.3684527636	-100
274.218103364	11.4	-100
274.2	11.4178888023	-100
274.168402642	11.45	-100
274.15	11.468678543	-100
274.119812196	11.5	-100
> -95 contour -Z-95
276	9.93734612763	-95
275.977138761	9.95	-95
275.95	9.96483491063	-95
275.9	9.99509821683	-95
275.892508505	10	-95
275.85	10.0277957514	-95
275.818839353	10.05	-95
275.8	10.0634845614	-95
275.75239743	10.1	-95
275.75	10.1018497348	-95
275.7	10.142121385	-95
275.690595252	10.15	-95
275.65	10.1840512559	-95
275.631492905	10.2	-95
275.6	10.2270279378	-95
275.573628151	10.25	-95
275.55	10.2703660041	-95
275.515817094	10.3	-95
275.5	10.3134840339	-95
275.457163721	10.35	-95
275.45	10.3559751838	-95
275.4	10.397461717	-95
275.396908249	10.4	-95
275.35	10.437570364	-95
275.334435473	10.45	-95
275.3	10.4768168256	-95
275.270226112	10.5	-95
275.25	10.5153771877	-95
275.204605708	10.55	-95
275.2	10.5534387141	-95
275.15	10.5905516192	-95
275.137303488	10.6	-95
275.1	10.6272924632	-95
275.069276208	10.65	-95
275.05	10.6640594751	-95
275.001345253	10.7	-95
275	10.7009844869	-95
274.95	10.7374689594	-95
274.933104204	10.75	-95
274.9	10.7744325489	-95
274.866068465	10.8	-95
274.85	10.812087822	-95
274.800754583	10.85	-95
274.8	10.8505812585	-95
274.75	10.8894573562	-95
274.73678747	10.9	-95
274.7	10.9293855265	-95
274.674854609	10.95	-95
274.65	10.970369637	-95
274.614709288	11	-95
274.6	11.0123131335	-95
274.555972391	11.05	-95
274.55	11.0550812513	-95
274.5	11.0984542821	-95
274.498244635	11.1	-95
274.45	11.1421611257	-95
274.44123359	11.15	-95
274.4	11.1865998611	-95
274.385282028	11.2	-95
274.35	11.2319447368	-95
274.330613318	11.25	-95
274.3	11.2784320742	-95
274.277465503	11.3	-95
274.25	11.3262893856	-95
274.225957443	11.35	-95
274.2	11.3756504521	-95
274.176016296	11.4	-95
274.15	11.4264745533	-95
274.127378966	11.45	-95
274.1	11.4784948498	-95
274.079638527	11.5	-95
> -90 contour -Z-90
276	9.8989818275	-90
275.998134412	9.9	-90
275.95	9.92573402077	-90
275.909368575	9.95	-90
275.9	9.95554354489	-90
275.85	9.98766891882	-90
275.832311964	10	-90
275.8	10.0225437075	-90
275.763476151	10.05	-90
275.75	10.0601751268	-90
275.700220937	10.1	-90
275.7	10.1001775384	-90
275.65	10.1416393369	-90
275.640228051	10.15	-90
275.6	10.1843830362	-90
275.582061043	10.2	-90
275.55	10.2277274817	-90
275.524451938	10.25	-90
275.5	10.2710476249	-90
275.466391131	10.3	-90
275.45	10.3138646722	-90
275.407142803	10.35	-90
275.4	10.3558890402	-90
275.35	10.3967914242	-90
275.346030885	10.4	-90
275.3	10.4363121271	-90
275.282602052	10.45	-90
275.25	10.4750313058	-90
275.217498741	10.5	-90
275.2	10.513138622	-90
275.151106566	10.55	-90
275.15	10.5508174688	-90
275.1	10.5873771235	-90
275.082865259	10.6	-90
275.05	10.6238194436	-90
275.014299691	10.65	-90
275	10.6603552878	-90
274.95	10.6969345301	-90
274.945815041	10.7	-90
274.9	10.7332880303	-90
274.87748116	10.75	-90
274.85	10.7703071356	-90
274.810777113	10.8	-90
274.8	10.8081491858	-90
274.75	10.8467748478	-90
274.745891969	10.85	-90
274.7	10.8860538214	-90
274.682750355	10.9	-90
274.65	10.9264930859	-90
274.621712717	10.95	-90
274.6	10.9680230618	-90
274.562409917	11	-90
274.55	11.0105177373	-90
274.504453275	11.05	-90
274.5	11.0538365185	-90
274.45	11.0977388939	-90
274.447468801	11.1	-90
274.4	11.1421423733	-90
274.391355781	11.15	-90
274.35	11.1874180153	-90
274.336446868	11.2	-90
274.3	11.2337750062	-90
274.282966189	11.25	-90
274.25	11.2814502493	-90
274.231087942	11.3	-90
274.2	11.3306258097	-90
274.180831569	11.35	-90
274.15	11.3813397989	-90
274.13202612	11.4	-90
274.1	11.433413437	-90
274.084333102	11.45	-90
274.05	11.4864253774	-90
274.037295905	11.5	-90
> -85 contour -Z-85
276	9.85822753385	-85
275.95	9.88489762396	-85
275.92430369	9.9	-85
275.9	9.91405284107	-85
275.85	9.94589948915	-85
275.843997781	9.95	-85
275.8	9.97994703352	-85
275.77277537	10	-85
275.75	10.0168067813	-85
275.707761645	10.05	-85
275.7	10.0561239541	-85
275.65	10.0973112421	-85
275.646823669	10.1	-85
275.6	10.1396809749	-85
275.588089954	10.15	-85
275.55	10.1828940302	-85
275.530402905	10.2	-85
275.5	10.2263041764	-85
275.472672465	10.25	-85
275.45	10.2693754822	-85
275.414053088	10.3	-85
275.4	10.3117423266	-85
275.353968748	10.35	-85
275.35	10.353224197	-85
275.3	10.3933157638	-85
275.291587884	10.4	-85
275.25	10.4322588727	-85
275.227085096	10.45	-85
275.2	10.4704775393	-85
275.161019456	10.5	-85
275.15	10.508162868	-85
275.1	10.5451418452	-85
275.09339591	10.55	-85
275.05	10.5813203797	-85
275.024394768	10.6	-85
275	10.6175170928	-85
274.955402789	10.65	-85
274.95	10.6538878977	-85
274.9	10.6899467401	-85
274.886269186	10.7	-85
274.85	10.726353617	-85
274.818265393	10.75	-85
274.8	10.7635580808	-85
274.752253628	10.8	-85
274.75	10.8017185539	-85
274.7	10.8404140308	-85
274.687965111	10.85	-85
274.65	10.8802476868	-85
274.625941399	10.9	-85
274.6	10.9212920129	-85
274.565968505	10.95	-85
274.55	10.963442114	-85
274.507627654	11	-85
274.5	11.0065523177	-85
274.45055854	11.05	-85
274.45	11.0504878968	-85
274.4	11.0948656462	-85
274.394341579	11.1	-85
274.35	11.140059977	-85
274.339256728	11.15	-85
274.3	11.1862627551	-85
274.285498293	11.2	-85
274.25	11.2336972848	-85
274.233259542	11.25	-85
274.2	11.2825759009	-85
274.182633114	11.3	-85
274.15	11.3330104038	-85
274.133540958	11.35	-85
274.1	11.3849245757	-85
274.085727862	11.4	-85
274.05	11.437997935	-85
274.038795144	11.45	-85
274	11.4916747332	-85
273.992247567	11.5	-85
> -80 contour -Z-80
276	9.81511133909	-80
275.95	9.84185868055	-80
275.935996792	9.85	-80
275.9	9.8704524368	-80
275.853103638	9.9	-80
275.85	9.90193170905	-80
275.8	9.93531559408	-80
275.779670846	9.95	-80
275.75	9.97140114009	-80
275.712921616	10	-80
275.7	10.0099918902	-80
275.650846183	10.05	-80
275.65	10.0506910235	-80
275.6	10.0925952688	-80
275.591381332	10.1	-80
275.55	10.1355306521	-80
275.533376113	10.15	-80
275.5	10.1788951561	-80
275.475720944	10.2	-80
275.45	10.2221178144	-80
275.41749489	10.25	-80
275.4	10.2647684038	-80
275.35801622	10.3	-80
275.35	10.3065924585	-80
275.3	10.347304914	-80
275.296637535	10.35	-80
275.25	10.3865345657	-80
275.232738131	10.4	-80
275.2	10.4249395579	-80
275.167083523	10.45	-80
275.15	10.4627078891	-80
275.100033554	10.5	-80
275.1	10.5000245094	-80
275.05	10.536034888	-80
275.03079329	10.55	-80
275	10.5719745934	-80
274.961257681	10.6	-80
274.95	10.6080186337	-80
274.9	10.6439177975	-80
274.891598194	10.65	-80
274.85	10.6797765359	-80
274.82247397	10.7	-80
274.8	10.716393581	-80
274.755263981	10.75	-80
274.75	10.7539405644	-80
274.7	10.7920973398	-80
274.689929438	10.8	-80
274.65	10.8312985465	-80
274.626923533	10.85	-80
274.6	10.8718083054	-80
274.566249609	10.9	-80
274.55	10.9135544688	-80
274.507491884	10.95	-80
274.5	10.9564030081	-80
274.450226745	11	-80
274.45	11.000197646	-80
274.4	11.0444855243	-80
274.393913617	11.05	-80
274.35	11.0896058261	-80
274.338734933	11.1	-80
274.3	11.135660927	-80
274.284784801	11.15	-80
274.25	11.1828323185	-80
274.232235762	11.2	-80
274.2	11.2313348785	-80
274.181223993	11.25	-80
274.15	11.2813343406	-80
274.131753479	11.3	-80
274.1	11.3328550056	-80
274.083658272	11.35	-80
274.05	11.385701564	-80
274.036614838	11.4	-80
274	11.4394279756	-80
273.990179252	11.45	-80
273.95	11.49338587	-80
273.943830817	11.5	-80
> -75 contour -Z-75
276	9.76914017498	-75
275.95	9.79603147171	-75
275.943138569	9.8	-75
275.9	9.82424396276	-75
275.85858795	9.85	-75
275.85	9.85524668396	-75
275.8	9.8881863378	-75
275.78335072	9.9	-75
275.75	9.92354471684	-75
275.715057305	9.95	-75
275.7	9.96140426993	-75
275.651770335	10	-75
275.65	10.001420781	-75
275.6	10.0427555434	-75
275.591470543	10.05	-75
275.55	10.085269466	-75
275.53296341	10.1	-75
275.5	10.1284355804	-75
275.475153801	10.15	-75
275.45	10.1716748685	-75
275.41707817	10.2	-75
275.4	10.2145127416	-75
275.357983691	10.25	-75
275.35	10.2566289425	-75
275.3	10.297700049	-75
275.29714947	10.3	-75
275.25	10.3372582585	-75
275.233770986	10.35	-75
275.2	10.3759190693	-75
275.168531388	10.4	-75
275.15	10.4138539404	-75
275.101707637	10.45	-75
275.1	10.4512493491	-75
275.05	10.4873142421	-75
275.032520482	10.5	-75
275	10.5231124967	-75
274.962649336	10.55	-75
274.95	10.5589392215	-75
274.9	10.594579941	-75
274.892445751	10.6	-75
274.85	10.6300051376	-75
274.822462669	10.65	-75
274.8	10.6661337912	-75
274.754279834	10.7	-75
274.75	10.7031486392	-75
274.7	10.7406330824	-75
274.687896343	10.75	-75
274.65	10.7792267054	-75
274.624033424	10.8	-75
274.6	10.8191940218	-75
274.562729201	10.85	-75
274.55	10.8605048656	-75
274.503597784	10.9	-75
274.5	10.9030540735	-75
274.45	10.9464746539	-75
274.446031319	10.95	-75
274.4	10.9906797744	-75
274.389704347	11	-75
274.35	11.0357583374	-75
274.334541371	11.05	-75
274.3	11.0817137122	-75
274.28052258	11.1	-75
274.25	11.1286572665	-75
274.227764085	11.15	-75
274.2	11.176771526	-75
274.176409385	11.2	-75
274.15	11.2262427941	-75
274.126521425	11.25	-75
274.1	11.2771741316	-75
274.078018494	11.3	-75
274.05	11.3294975162	-75
274.03066154	11.35	-75
274	11.3829113752	-75
273.984076455	11.4	-75
273.95	11.4368811756	-75
273.937791283	11.45	-75
273.9	11.4907231532	-75
273.891279194	11.5	-75
> -70 contour -Z-70
276	9.71967209429	-70
275.95	9.74675166868	-70
275.944386498	9.75	-70
275.9	9.77485158145	-70
275.859225655	9.8	-70
275.85	9.80556268394	-70
275.8	9.83803255185	-70
275.782869856	9.85	-70
275.75	9.87276804447	-70
275.713388115	9.9	-70
275.7	9.90993697941	-70
275.65	9.94920576662	-70
275.649018263	9.95	-70
275.6	9.9897660315	-70
275.587781758	10	-70
275.55	10.0317290545	-70
275.528656541	10.05	-70
275.5	10.0745363981	-70
275.470501474	10.1	-70
275.45	10.1176295221	-70
275.412340891	10.15	-70
275.4	10.160516125	-70
275.35338394	10.2	-70
275.35	10.202827704	-70
275.3	10.2439086985	-70
275.292479212	10.25	-70
275.25	10.283793503	-70
275.229450776	10.3	-70
275.2	10.3227507323	-70
275.164536926	10.35	-70
275.15	10.3609226078	-70
275.1	10.3983577576	-70
275.097770654	10.4	-70
275.05	10.4344024286	-70
275.028485984	10.45	-70
275	10.4701980531	-70
274.958464617	10.5	-70
274.95	10.5059485823	-70
274.9	10.5411766239	-70
274.887620965	10.55	-70
274.85	10.5763359413	-70
274.817108169	10.6	-70
274.8	10.6121311098	-70
274.75	10.6486603629	-70
274.748195792	10.65	-70
274.7	10.6854253232	-70
274.6809384	10.7	-70
274.65	10.7235039264	-70
274.616481671	10.75	-70
274.6	10.7629796177	-70
274.55474205	10.8	-70
274.55	10.8038689405	-70
274.5	10.8458633292	-70
274.495213711	10.85	-70
274.45	10.8889090359	-70
274.437490837	10.9	-70
274.4	10.9330617651	-70
274.381287813	10.95	-70
274.35	10.9781553194	-70
274.326289652	11	-70
274.3	11.0241020828	-70
274.272368103	11.05	-70
274.25	11.0709203482	-70
274.219557604	11.1	-70
274.2	11.1187243104	-70
274.167972165	11.15	-70
274.15	11.1676787317	-70
274.117702556	11.2	-70
274.1	11.2179266006	-70
274.068734112	11.25	-70
274.05	11.2695032686	-70
274.020910975	11.3	-70
274	11.3222582191	-70
273.973939753	11.35	-70
273.95	11.3758156404	-70
273.927416509	11.4	-70
273.9	11.4296049371	-70
273.880864458	11.45	-70
273.85	11.4829704806	-70
273.833781163	11.5	-70
> -65 contour -Z-65
276	9.66605704129	-65
275.95	9.6933638528	-65
275.938596617	9.7	-65
275.9	9.72168091536	-65
275.853913331	9.75	-65
275.85	9.75234262943	-65
275.8	9.78431335539	-65
275.777254829	9.8	-65
275.75	9.81858253777	-65
275.707066435	9.85	-65
275.7	9.8551474154	-65
275.65	9.89340361506	-65
275.641704749	9.9	-65
275.6	9.93323907107	-65
275.579671435	9.95	-65
275.55	9.97454685569	-65
275.519881636	10	-65
275.5	10.0168391615	-65
275.461235726	10.05	-65
275.45	10.0596036762	-65
275.40277245	10.1	-65
275.4	10.1023594916	-65
275.35	10.1443426747	-65
275.343170009	10.15	-65
275.3	10.1853932589	-65
275.281971094	10.2	-65
275.25	10.2255336747	-65
275.219030371	10.25	-65
275.2	10.264769277	-65
275.154247901	10.3	-65
275.15	10.3032051027	-65
275.1	10.3402443193	-65
275.086751066	10.35	-65
275.05	10.3764837444	-65
275.017527071	10.4	-65
275	10.4124122918	-65
274.95	10.4480918957	-65
274.947310425	10.45	-65
274.9	10.4828385398	-65
274.875809462	10.5	-65
274.85	10.5179404855	-65
274.805139872	10.55	-65
274.8	10.5536087632	-65
274.75	10.5892701194	-65
274.735431606	10.6	-65
274.7	10.6257428214	-65
274.667968905	10.65	-65
274.65	10.6634755075	-65
274.603322095	10.7	-65
274.6	10.7025827289	-65
274.55	10.7426709257	-65
274.541198792	10.75	-65
274.5	10.7841324762	-65
274.48156051	10.8	-65
274.45	10.8270227835	-65
274.424043712	10.85	-65
274.4	10.8711604387	-65
274.368163541	10.9	-65
274.35	10.9163445085	-65
274.313532102	10.95	-65
274.3	10.9624079317	-65
274.259922606	11	-65
274.25	11.0092649668	-65
274.207275513	11.05	-65
274.2	11.0569310933	-65
274.155646414	11.1	-65
274.15	11.1055059135	-65
274.10511905	11.15	-65
274.1	11.1551230609	-65
274.055719653	11.2	-65
274.05	11.2058768064	-65
274.007362944	11.25	-65
274	11.2577424884	-65
273.95983716	11.3	-65
273.95	11.3105136096	-65
273.912817988	11.35	-65
273.9	11.3637860924	-65
273.865898266	11.4	-65
273.85	11.417012462	-65
273.818629509	11.45	-65
273.8	11.4696202785	-65
273.770576262	11.5	-65
> -60 contour -Z-60
276	9.60776283816	-60
275.95	9.63534788936	-60
275.925067404	9.65	-60
275.9	9.66421504021	-60
275.85	9.69475923739	-60
275.841900674	9.7	-60
275.8	9.72655082643	-60
275.765650317	9.75	-60
275.75	9.76054074466	-60
275.7	9.79642045721	-60
275.695213032	9.8	-60
275.65	9.83372640312	-60
275.629177915	9.85	-60
275.6	9.87284119725	-60
275.566495806	9.9	-60
275.55	9.9134214431	-60
275.50605531	9.95	-60
275.5	9.95505893826	-60
275.45	9.9971489301	-60
275.446596484	10	-60
275.4	10.0390868396	-60
275.386916637	10.05	-60
275.35	10.0807276115	-60
275.326589511	10.1	-60
275.3	10.1217550009	-60
275.265009555	10.15	-60
275.25	10.1619924605	-60
275.201800615	10.2	-60
275.2	10.2014000803	-60
275.15	10.2392783016	-60
275.135688713	10.25	-60
275.1	10.2762987196	-60
275.067727882	10.3	-60
275.05	10.3127721548	-60
275	10.3488328314	-60
274.998359306	10.35	-60
274.95	10.383699955	-60
274.926948696	10.4	-60
274.9	10.4186462313	-60
274.855646348	10.45	-60
274.85	10.4539062232	-60
274.8	10.4888472833	-60
274.784472148	10.5	-60
274.75	10.5242805183	-60
274.714892635	10.55	-60
274.7	10.5607300699	-60
274.65	10.5982382268	-60
274.647718937	10.6	-60
274.6	10.636400491	-60
274.582985482	10.65	-60
274.55	10.6761231661	-60
274.521175402	10.7	-60
274.5	10.7174190044	-60
274.462000248	10.75	-60
274.45	10.7602267563	-60
274.405019104	10.8	-60
274.4	10.8044096053	-60
274.35	10.8497557922	-60
274.349737377	10.85	-60
274.3	10.8958446056	-60
274.295608569	10.9	-60
274.25	10.9427758276	-60
274.242470107	10.95	-60
274.2	10.9904487245	-60
274.190165781	11	-60
274.15	11.0388588928	-60
274.138671812	11.05	-60
274.1	11.088071917	-60
274.088036418	11.1	-60
274.05	11.1381704636	-60
274.038304698	11.15	-60
274	11.1891886584	-60
273.989454763	11.2	-60
273.95	11.2410495594	-60
273.941360065	11.25	-60
273.9	11.2935239352	-60
273.893779824	11.3	-60
273.85	11.3462310895	-60
273.846372921	11.35	-60
273.8	11.398695342	-60
273.798732709	11.4	-60
273.750412822	11.45	-60
273.75	11.4504270047	-60
273.70107342	11.5	-60
> -55 contour -Z-55
276	9.54417321682	-55
275.990005411	9.55	-55
275.95	9.57244795561	-55
275.903697371	9.6	-55
275.9	9.60212638974	-55
275.85	9.63241679966	-55
275.822785953	9.65	-55
275.8	9.66441796422	-55
275.75	9.69821304679	-55
275.747462739	9.7	-55
275.7	9.73313994259	-55
275.677117288	9.75	-55
275.65	9.76991417706	-55
275.610845226	9.8	-55
275.6	9.80834168494	-55
275.55	9.84806114156	-55
275.547588024	9.85	-55
275.5	9.88845796883	-55
275.485898985	9.9	-55
275.45	9.92954185307	-55
275.425206955	9.95	-55
275.4	9.97088043094	-55
275.364644259	10	-55
275.35	10.0120760024	-55
275.303461677	10.05	-55
275.3	10.0528147668	-55
275.25	10.0924676292	-55
275.240291915	10.1	-55
275.2	10.1310996264	-55
275.175112727	10.15	-55
275.15	10.1689051181	-55
275.108193737	10.2	-55
275.1	10.2060199261	-55
275.05	10.2421060324	-55
275.038934682	10.25	-55
275	10.2773741886	-55
274.967997938	10.3	-55
274.95	10.3125013262	-55
274.9	10.3475673391	-55
274.896530085	10.35	-55
274.85	10.3819916785	-55
274.824519271	10.4	-55
274.8	10.4169726759	-55
274.753895313	10.45	-55
274.75	10.4527337223	-55
274.7	10.4886406049	-55
274.684808689	10.5	-55
274.65	10.5255688101	-55
274.618285292	10.55	-55
274.6	10.5638771176	-55
274.554653308	10.6	-55
274.55	10.6036635697	-55
274.5	10.6446391415	-55
274.493724196	10.65	-55
274.45	10.687020947	-55
274.435316901	10.7	-55
274.4	10.7309718683	-55
274.37912095	10.75	-55
274.35	10.7763209566	-55
274.324665564	10.8	-55
274.3	10.8228397518	-55
274.271500289	10.85	-55
274.25	10.8702820599	-55
274.21925959	10.9	-55
274.2	10.9184360951	-55
274.167702073	10.95	-55
274.15	10.967165947	-55
274.116713744	11	-55
274.1	11.0164231837	-55
274.06627537	11.05	-55
274.05	11.0662245214	-55
274.016406101	11.1	-55
274	11.1166043997	-55
273.967104456	11.15	-55
273.95	11.1675588638	-55
273.918303612	11.2	-55
273.9	11.2189955711	-55
273.869850203	11.25	-55
273.85	11.2707080752	-55
273.821506402	11.3	-55
273.8	11.3223884553	-55
273.772973606	11.35	-55
273.75	11.3736830205	-55
273.723935086	11.4	-55
273.7	11.4242753327	-55
273.674114326	11.45	-55
273.65	11.4739636421	-55
273.623336044	11.5	-55
> -50 contour -Z-50
276	9.4751478225	-50
275.958238259	9.5	-50
275.95	9.50474105477	-50
275.9	9.53458225876	-50
275.875327785	9.55	-50
275.85	9.56545131803	-50
275.8	9.59769262802	-50
275.79655678	9.6	-50
275.75	9.63078503162	-50
275.722450858	9.65	-50
275.7	9.66552617848	-50
275.652567497	9.7	-50
275.65	9.70185917616	-50
275.6	9.73916098177	-50
275.585897598	9.75	-50
275.55	9.77768788934	-50
275.521724442	9.8	-50
275.5	9.81723900437	-50
275.459235674	9.85	-50
275.45	9.85746968687	-50
275.4	9.89792173784	-50
275.397390566	9.9	-50
275.35	9.93797205836	-50
275.334781377	9.95	-50
275.3	9.97760754675	-50
275.271259576	10	-50
275.25	10.0165961474	-50
275.20632453	10.05	-50
275.2	10.0548329741	-50
275.15	10.0919282816	-50
275.138841186	10.1	-50
275.1	10.128026104	-50
275.069154665	10.15	-50
275.05	10.1635652274	-50
275	10.1987324535	-50
274.998163164	10.2	-50
274.95	10.2329622447	-50
274.925354545	10.25	-50
274.9	10.2673123151	-50
274.853026861	10.3	-50
274.85	10.3020727932	-50
274.8	10.3365867823	-50
274.781161153	10.35	-50
274.75	10.3717947215	-50
274.711267927	10.4	-50
274.7	10.4080510646	-50
274.65	10.4451830871	-50
274.643748945	10.45	-50
274.6	10.4831404209	-50
274.578828798	10.5	-50
274.55	10.5226121336	-50
274.516782799	10.55	-50
274.5	10.5636643529	-50
274.457474643	10.6	-50
274.45	10.6063218862	-50
274.400639778	10.65	-50
274.4	10.6505612254	-50
274.35	10.6960472908	-50
274.345817044	10.7	-50
274.3	10.7429026328	-50
274.292673478	10.75	-50
274.25	10.7909040272	-50
274.240782458	10.8	-50
274.2	10.8397580691	-50
274.189746349	10.85	-50
274.15	10.8891927786	-50
274.139253615	10.9	-50
274.1	10.9390059166	-50
274.089101634	10.95	-50
274.05	10.9890838094	-50
274.039190772	11	-50
274	11.039384871	-50
273.989491913	11.05	-50
273.95	11.0898989022	-50
273.939999436	11.1	-50
273.9	11.1405999236	-50
273.890685009	11.15	-50
273.85	11.1914090358	-50
273.841465424	11.2	-50
273.8	11.2421785697	-50
273.792191368	11.25	-50
273.75	11.2927058585	-50
273.74266053	11.3	-50
273.7	11.3427738346	-50
273.692652563	11.35	-50
273.65	11.3922066398	-50
273.64197989	11.4	-50
273.6	11.4409162514	-50
273.59053804	11.45	-50
273.55	11.4889205091	-50
273.538334867	11.5	-50
> -45 contour -Z-45
276	9.40177878495	-45
275.95	9.43187039644	-45
275.920681924	9.45	-45
275.9	9.46249754131	-45
275.85	9.49381971844	-45
275.840450245	9.5	-45
275.8	9.52577769309	-45
275.76370028	9.55	-45
275.75	9.55903352201	-45
275.7	9.59338098615	-45
275.690664044	9.6	-45
275.65	9.62873205841	-45
275.620981476	9.65	-45
275.6	9.66538022161	-45
275.554172242	9.7	-45
275.55	9.7031622231	-45
275.5	9.74153183177	-45
275.489054102	9.75	-45
275.45	9.78041947186	-45
275.424921134	9.8	-45
275.4	9.81960234046	-45
275.361093858	9.85	-45
275.35	9.85873054862	-45
275.3	9.89740407486	-45
275.296537369	9.9	-45
275.25	9.93512371331	-45
275.229789396	9.95	-45
275.2	9.97205170393	-45
275.161275548	10	-45
275.15	10.0081719428	-45
275.1	10.0433350101	-45
275.090234721	10.05	-45
275.05	10.0775683835	-45
275.016879961	10.1	-45
275	10.1114450902	-45
274.95	10.1450700212	-45
274.942601314	10.15	-45
274.9	10.1783574954	-45
274.868022886	10.2	-45
274.85	10.2121301919	-45
274.8	10.246516721	-45
274.795023565	10.25	-45
274.75	10.2812319353	-45
274.724017093	10.3	-45
274.7	10.3171262681	-45
274.655939794	10.35	-45
274.65	10.3543641984	-45
274.6	10.3925823733	-45
274.590716486	10.4	-45
274.55	10.4320687041	-45
274.528344074	10.45	-45
274.5	10.4731546938	-45
274.46871148	10.5	-45
274.45	10.5158677787	-45
274.411601776	10.55	-45
274.4	10.5602127254	-45
274.35675382	10.6	-45
274.35	10.6061609954	-45
274.303846905	10.65	-45
274.3	10.6536231577	-45
274.25250369	10.7	-45
274.25	10.7024209946	-45
274.202312854	10.75	-45
274.2	10.7522806793	-45
274.152867481	10.8	-45
274.15	10.80286403	-45
274.103807309	10.85	-45
274.1	10.8538299799	-45
274.054852417	10.9	-45
274.05	10.9048971862	-45
274.005818	10.95	-45
274	10.9558784127	-45
273.956606114	11	-45
273.95	11.006676653	-45
273.907178059	11.05	-45
273.9	11.0572535992	-45
273.857518035	11.1	-45
273.85	11.1075898081	-45
273.807600406	11.15	-45
273.8	11.1576527894	-45
273.757370433	11.2	-45
273.75	11.2073830068	-45
273.706744608	11.25	-45
273.7	11.2567013353	-45
273.655630448	11.3	-45
273.65	11.3055340707	-45
273.603959388	11.35	-45
273.6	11.3538434178	-45
273.551720315	11.4	-45
273.55	11.4016490996	-45
273.5	11.4489950484	-45
273.49892899	11.45	-45
273.45	11.4959488012	-45
273.445668636	11.5	-45
> -40 contour -Z-40
276	9.32383033484	-40
275.958047354	9.35	-40
275.95	9.3549197495	-40
275.9	9.3859242022	-40
275.877840453	9.4	-40
275.85	9.4174075067	-40
275.8	9.44976474119	-40
275.799644368	9.45	-40
275.75	9.48252845109	-40
275.724305466	9.5	-40
275.7	9.51642058492	-40
275.652083442	9.55	-40
275.65	9.55145541131	-40
275.6	9.58711421639	-40
275.582372533	9.6	-40
275.55	9.62372160554	-40
275.514832032	9.65	-40
275.5	9.66113457084	-40
275.45	9.69906280497	-40
275.448753015	9.7	-40
275.4	9.73687822968	-40
275.382537973	9.75	-40
275.35	9.77462409437	-40
275.315953654	9.8	-40
275.3	9.81197862923	-40
275.25	9.84864385743	-40
275.248074884	9.85	-40
275.2	9.8841221109	-40
275.176944235	9.9	-40
275.15	9.9187047869	-40
275.103612712	9.95	-40
275.1	9.9524571389	-40
275.05	9.98514582962	-40
275.026799838	10	-40
275	10.0173180312	-40
274.95	10.049365825	-40
274.948992123	10.05	-40
274.9	10.0811138839	-40
274.870686352	10.1	-40
274.85	10.113409099	-40
274.8	10.1465121582	-40
274.794826395	10.15	-40
274.75	10.1803086564	-40
274.722055855	10.2	-40
274.7	10.2155113667	-40
274.653161505	10.25	-40
274.65	10.2523127884	-40
274.6	10.2903139383	-40
274.587842408	10.3	-40
274.55	10.3298992917	-40
274.525781575	10.35	-40
274.5	10.3711860299	-40
274.466579184	10.4	-40
274.45	10.4141509354	-40
274.409898877	10.45	-40
274.4	10.4587699682	-40
274.355473101	10.5	-40
274.35	10.5050297499	-40
274.303058526	10.55	-40
274.3	10.5529109478	-40
274.252387923	10.6	-40
274.25	10.602345854	-40
274.203139734	10.65	-40
274.2	10.6531663746	-40
274.154936793	10.7	-40
274.15	10.7050739914	-40
274.107370245	10.75	-40
274.1	10.7576575845	-40
274.060039881	10.8	-40
274.05	10.8104634345	-40
274.012595209	10.85	-40
274	10.863083902	-40
273.964766014	10.9	-40
273.95	10.9152230173	-40
273.916374937	10.95	-40
273.9	10.9667144984	-40
273.867330423	11	-40
273.85	11.0174989581	-40
273.817604786	11.05	-40
273.8	11.0675829917	-40
273.767206898	11.1	-40
273.75	11.1170019716	-40
273.716159114	11.15	-40
273.7	11.1657978028	-40
273.664487359	11.2	-40
273.65	11.2140146136	-40
273.612226588	11.25	-40
273.6	11.2617069393	-40
273.559437332	11.3	-40
273.55	11.3089520514	-40
273.506220716	11.35	-40
273.5	11.3558555543	-40
273.452716631	11.4	-40
273.45	11.4025431454	-40
273.4	11.4491066316	-40
273.399037173	11.45	-40
273.35	11.4955621626	-40
273.345225902	11.5	-40
> -35 contour -Z-35
276	9.24215757847	-35
275.987650944	9.25	-35
275.95	9.2735098809	-35
275.908153549	9.3	-35
275.9	9.30507910848	-35
275.85	9.33664905727	-35
275.829332985	9.35	-35
275.8	9.36872225702	-35
275.752491865	9.4	-35
275.75	9.40162534416	-35
275.7	9.43489023	-35
275.677949558	9.45	-35
275.65	9.46907742918	-35
275.605993831	9.5	-35
275.6	9.50420747399	-35
275.55	9.539822191	-35
275.535915169	9.55	-35
275.5	9.57601456791	-35
275.467270944	9.6	-35
275.45	9.61270760596	-35
275.4	9.64960178584	-35
275.399450628	9.65	-35
275.35	9.68599126935	-35
275.330487552	9.7	-35
275.3	9.72199203074	-35
275.260307497	9.75	-35
275.25	9.757313326	-35
275.2	9.79152023122	-35
275.187105554	9.8	-35
275.15	9.82455166876	-35
275.11025764	9.85	-35
275.1	9.85662191212	-35
275.05	9.88758812919	-35
275.029340146	9.9	-35
275	9.91782356799	-35
274.95	9.94774914421	-35
274.946157975	9.95	-35
274.9	9.97742213458	-35
274.862473294	10	-35
274.85	10.0076097816	-35
274.8	10.0384862363	-35
274.781855603	10.05	-35
274.75	10.0704811603	-35
274.706054401	10.1	-35
274.7	10.1041056722	-35
274.65	10.139292191	-35
274.635488722	10.15	-35
274.6	10.1763419315	-35
274.569724336	10.2	-35
274.55	10.2154357314	-35
274.507969883	10.25	-35
274.5	10.2565398753	-35
274.45	10.2995311467	-35
274.449474889	10.3	-35
274.4	10.344068259	-35
274.393610252	10.35	-35
274.35	10.3903718382	-35
274.339996958	10.4	-35
274.3	10.4384180985	-35
274.288378861	10.45	-35
274.25	10.4882096596	-35
274.238561772	10.5	-35
274.2	10.5397245347	-35
274.190339713	10.55	-35
274.15	10.5928386077	-35
274.143445206	10.6	-35
274.1	10.6472527338	-35
274.097533355	10.65	-35
274.052125451	10.7	-35
274.05	10.7023040622	-35
274.006739393	10.75	-35
274	10.7573043436	-35
273.961034325	10.8	-35
273.95	10.8118516594	-35
273.91466141	10.85	-35
273.9	10.865501681	-35
273.867360628	10.9	-35
273.85	10.9179964274	-35
273.818973246	10.95	-35
273.8	10.9692540854	-35
273.769438621	11	-35
273.75	11.0193200886	-35
273.718779635	11.05	-35
273.7	11.0683127224	-35
273.667082268	11.1	-35
273.65	11.1163830906	-35
273.614477581	11.15	-35
273.6	11.1636944771	-35
273.561131462	11.2	-35
273.55	11.21041632	-35
273.507241184	11.25	-35
273.5	11.2567250162	-35
273.453028595	11.3	-35
273.45	11.3028009742	-35
273.4	11.3487723409	-35
273.39865912	11.35	-35
273.35	11.3947193108	-35
273.344259107	11.4	-35
273.3	11.4408275023	-35
273.290078883	11.45	-35
273.25	11.4870863393	-35
273.236074258	11.5	-35
> -30 contour -Z-30
276	9.15573063269	-30
275.95	9.1873812288	-30
275.930219445	9.2	-30
275.9	9.21895005107	-30
275.851404917	9.25	-30
275.85	9.25088407993	-30
275.8	9.28262021542	-30
275.773333263	9.3	-30
275.75	9.31503330767	-30
275.7	9.34814476743	-30
275.697233966	9.35	-30
275.65	9.38145202994	-30
275.622907388	9.4	-30
275.6	9.41561722755	-30
275.550786439	9.45	-30
275.55	9.45054860413	-30
275.5	9.48553688973	-30
275.479610932	9.5	-30
275.45	9.52100595236	-30
275.409391961	9.55	-30
275.4	9.55671351254	-30
275.35	9.59206224382	-30
275.338581839	9.6	-30
275.3	9.62681150138	-30
275.266008073	9.65	-30
275.25	9.66092285216	-30
275.2	9.69394189268	-30
275.190429905	9.7	-30
275.15	9.72558148056	-30
275.11008651	9.75	-30
275.1	9.75618502498	-30
275.05	9.7854345113	-30
275.024258202	9.8	-30
275	9.81380673647	-30
274.95	9.84154266715	-30
274.934445865	9.85	-30
274.9	9.8689368099	-30
274.85	9.89662947953	-30
274.843930625	9.9	-30
274.8	9.92478305697	-30
274.7570153	9.95	-30
274.75	9.9541880399	-30
274.7	9.9849550724	-30
274.676759505	10	-30
274.65	10.0176339	-30
274.603621557	10.05	-30
274.6	10.0525664747	-30
274.55	10.0896304101	-30
274.536727683	10.1	-30
274.5	10.1290481135	-30
274.474812633	10.15	-30
274.45	10.1708137542	-30
274.416749507	10.2	-30
274.4	10.2147771746	-30
274.361672005	10.25	-30
274.35	10.2607584208	-30
274.308978653	10.3	-30
274.3	10.3086090356	-30
274.258294556	10.35	-30
274.25	10.3582557589	-30
274.209399283	10.4	-30
274.2	10.4097026378	-30
274.162137902	10.45	-30
274.15	10.462978968	-30
274.116338924	10.5	-30
274.1	10.5180397034	-30
274.071758607	10.55	-30
274.05	10.5746479899	-30
274.028062369	10.6	-30
274	10.6322985291	-30
273.984836526	10.65	-30
273.95	10.6902427264	-30
273.941618608	10.7	-30
273.9	10.747632934	-30
273.897934523	10.75	-30
273.853164524	10.8	-30
273.85	10.8034445316	-30
273.807033795	10.85	-30
273.8	10.857440269	-30
273.759414151	10.9	-30
273.75	10.9096543849	-30
273.710203794	10.95	-30
273.7	10.9601518691	-30
273.65942665	11	-30
273.65	11.0091256708	-30
273.607219309	11.05	-30
273.6	11.0568301767	-30
273.553808671	11.1	-30
273.55	11.1035397053	-30
273.5	11.1495042922	-30
273.499454292	11.15	-30
273.45	11.1948236555	-30
273.444260834	11.2	-30
273.4	11.2399504088	-30
273.388848513	11.25	-30
273.35	11.2851085052	-30
273.333545001	11.3	-30
273.3	11.3304732606	-30
273.278579752	11.35	-30
273.25	11.3761451021	-30
273.224035543	11.4	-30
273.2	11.4221226424	-30
273.169821492	11.45	-30
273.15	11.4682859153	-30
273.115676004	11.5	-30
> -25 contour -Z-25
276	9.06238948181	-25
275.95	9.09441759847	-25
275.941285578	9.1	-25
275.9	9.12588821799	-25
275.862278908	9.15	-25
275.85	9.1576980263	-25
275.8	9.18939317837	-25
275.783562328	9.2	-25
275.75	9.22129809856	-25
275.706069478	9.25	-25
275.7	9.25391280055	-25
275.65	9.28653310239	-25
275.629844552	9.3	-25
275.6	9.3197460413	-25
275.555472758	9.35	-25
275.55	9.35369338393	-25
275.5	9.3876269035	-25
275.482015957	9.4	-25
275.45	9.4219073087	-25
275.409429768	9.45	-25
275.4	9.4565019995	-25
275.35	9.4906810075	-25
275.336216591	9.5	-25
275.3	9.524322474	-25
275.261312333	9.55	-25
275.25	9.5574578017	-25
275.2	9.5893226169	-25
275.182653989	9.6	-25
275.15	9.61990812719	-25
275.1	9.64945353079	-25
275.099023137	9.65	-25
275.05	9.67715910077	-25
275.007650414	9.7	-25
275	9.70410581231	-25
274.95	9.72980003208	-25
274.910266638	9.75	-25
274.9	9.75522466898	-25
274.85	9.78026492745	-25
274.811370733	9.8	-25
274.8	9.80585925877	-25
274.75	9.83206871152	-25
274.717371905	9.85	-25
274.7	9.85969548821	-25
274.65	9.88896313161	-25
274.632159613	9.9	-25
274.6	9.92029291391	-25
274.556016451	9.95	-25
274.55	9.95414786041	-25
274.5	9.9904399775	-25
274.487546354	10	-25
274.45	10.0293886647	-25
274.425042717	10.05	-25
274.4	10.0710294932	-25
274.367051801	10.1	-25
274.35	10.115197295	-25
274.31245307	10.15	-25
274.3	10.1616692543	-25
274.260455987	10.2	-25
274.25	10.210231325	-25
274.210556886	10.25	-25
274.2	10.2607451469	-25
274.162470889	10.3	-25
274.15	10.3131843299	-25
274.116045889	10.35	-25
274.1	10.3676136881	-25
274.071171826	10.4	-25
274.05	10.4241015583	-25
274.027704102	10.45	-25
274	10.4825767979	-25
273.985416131	10.5	-25
273.95	10.5426747382	-25
273.943982345	10.55	-25
273.902839246	10.6	-25
273.9	10.6034071565	-25
273.861278516	10.65	-25
273.85	10.6633930057	-25
273.819050545	10.7	-25
273.8	10.722075063	-25
273.775664882	10.75	-25
273.75	10.7787048593	-25
273.730690262	10.8	-25
273.7	10.8329147518	-25
273.683803602	10.85	-25
273.65	10.8846986696	-25
273.634835842	10.9	-25
273.6	10.9343020499	-25
273.583800229	10.95	-25
273.55	10.9820990071	-25
273.530892159	11	-25
273.5	11.028502509	-25
273.476459788	11.05	-25
273.45	11.0739155889	-25
273.420955166	11.1	-25
273.4	11.1187113911	-25
273.364875123	11.15	-25
273.35	11.1632262826	-25
273.308696833	11.2	-25
273.3	11.20775235	-25
273.252810422	11.25	-25
273.25	11.2525237828	-25
273.2	11.2975634674	-25
273.197307129	11.3	-25
273.15	11.3429273732	-25
273.142261814	11.35	-25
273.1	11.3886638097	-25
273.087672375	11.4	-25
273.05	11.4345486164	-25
273.033185941	11.45	-25
273	11.4802601501	-25
272.978319734	11.5	-25
> -20 contour -Z-20
276	8.95829740539	-20
275.95	8.99023530856	-20
275.934778263	9	-20
275.9	9.02172039151	-20
275.85569343	9.05	-20
275.85	9.05354396403	-20
275.8	9.08473829776	-20
275.77611683	9.1	-20
275.75	9.11630344093	-20
275.7	9.14842521138	-20
275.697560713	9.15	-20
275.65	9.18007641286	-20
275.619501635	9.2	-20
275.6	9.21252211034	-20
275.55	9.24536117129	-20
275.542985253	9.25	-20
275.5	9.27800737172	-20
275.467075217	9.3	-20
275.45	9.31126538515	-20
275.4	9.34457429573	-20
275.39181543	9.35	-20
275.35	9.37735004276	-20
275.315605924	9.4	-20
275.3	9.41013992131	-20
275.25	9.44214286804	-20
275.237422514	9.45	-20
275.2	9.4729473263	-20
275.155152518	9.5	-20
275.15	9.50304912329	-20
275.1	9.5311615631	-20
275.065529305	9.55	-20
275.05	9.55829952359	-20
275	9.58378507793	-20
274.967253405	9.6	-20
274.95	9.60836758018	-20
274.9	9.63181904405	-20
274.861098447	9.65	-20
274.85	9.65511503816	-20
274.8	9.67795898914	-20
274.75349842	9.7	-20
274.75	9.70165207982	-20
274.7	9.72570614666	-20
274.652942118	9.75	-20
274.65	9.75152976513	-20
274.6	9.77864007503	-20
274.563672364	9.8	-20
274.55	9.80816877186	-20
274.5	9.83999449089	-20
274.485261153	9.85	-20
274.45	9.87445470095	-20
274.415641785	9.9	-20
274.4	9.91189554632	-20
274.352789354	9.95	-20
274.35	9.95230083466	-20
274.3	9.99537640959	-20
274.294853025	10	-20
274.25	10.041086252	-20
274.240619332	10.05	-20
274.2	10.0892694093	-20
274.189227656	10.1	-20
274.15	10.1397017069	-20
274.140074677	10.15	-20
274.1	10.1922516823	-20
274.092805186	10.2	-20
274.05	10.2469182365	-20
274.047239402	10.25	-20
274.003152585	10.3	-20
274	10.3036337018	-20
273.960394952	10.35	-20
273.95	10.3624289006	-20
273.918935829	10.4	-20
273.9	10.4233667135	-20
273.878545921	10.45	-20
273.85	10.486002177	-20
273.838893502	10.5	-20
273.8	10.5494254264	-20
273.799544234	10.55	-20
273.759295401	10.6	-20
273.75	10.611428076	-20
273.718137926	10.65	-20
273.7	10.671544522	-20
273.675548734	10.7	-20
273.65	10.7289750397	-20
273.631023581	10.75	-20
273.6	10.7833766237	-20
273.58417668	10.8	-20
273.55	10.834851183	-20
273.534815246	10.85	-20
273.5	10.8837888017	-20
273.482990561	10.9	-20
273.45	10.9307092801	-20
273.429003401	10.95	-20
273.4	10.9761535168	-20
273.373358771	11	-20
273.35	11.0206277162	-20
273.3166816	11.05	-20
273.3	11.0645811617	-20
273.259614679	11.1	-20
273.25	11.1083979338	-20
273.202717543	11.15	-20
273.2	11.1523896903	-20
273.15	11.1965659223	-20
273.146143814	11.2	-20
273.1	11.2411484145	-20
273.090184657	11.25	-20
273.05	11.2862838268	-20
273.034947592	11.3	-20
273	11.3318183079	-20
272.980148469	11.35	-20
272.95	11.3774809837	-20
272.925351338	11.4	-20
272.9	11.4229274601	-20
272.870031551	11.45	-20
272.85	11.4678034633	-20
272.813640442	11.5	-20
> -15 contour -Z-15
276	8.83481274545	-15
275.976610008	8.85	-15
275.95	8.86671080291	-15
275.9	8.89864664916	-15
275.897863081	8.9	-15
275.85	8.9293124482	-15
275.81722841	8.95	-15
275.8	8.96053357124	-15
275.75	8.99160552844	-15
275.736674725	9	-15
275.7	9.02240210474	-15
275.656467915	9.05	-15
275.65	9.05398628116	-15
275.6	9.08497410566	-15
275.576436292	9.1	-15
275.55	9.11642405987	-15
275.5	9.14849007716	-15
275.497637075	9.15	-15
275.45	9.17970800549	-15
275.418409893	9.2	-15
275.4	9.21156737804	-15
275.35	9.24328596592	-15
275.339357102	9.25	-15
275.3	9.27424476147	-15
275.258724979	9.3	-15
275.25	9.30531351566	-15
275.2	9.33498327583	-15
275.174420372	9.35	-15
275.15	9.36389645934	-15
275.1	9.39168469906	-15
275.084471819	9.4	-15
275.05	9.41775832474	-15
275	9.44287203029	-15
274.985192801	9.45	-15
274.95	9.46622952223	-15
274.9	9.48878264725	-15
274.874612352	9.5	-15
274.85	9.51044316292	-15
274.8	9.53146915734	-15
274.756964377	9.55	-15
274.75	9.55290668905	-15
274.7	9.57395751178	-15
274.65	9.59642644338	-15
274.642327226	9.6	-15
274.6	9.61942808926	-15
274.55	9.64443673044	-15
274.539485676	9.65	-15
274.5	9.67090199888	-15
274.450199136	9.7	-15
274.45	9.70011755526	-15
274.4	9.73120426536	-15
274.372282955	9.75	-15
274.35	9.76540702283	-15
274.303590035	9.8	-15
274.3	9.80273854136	-15
274.25	9.84284809679	-15
274.241543052	9.85	-15
274.2	9.88600730449	-15
274.184595093	9.9	-15
274.15	9.93216645718	-15
274.13151916	9.95	-15
274.1	9.98107305318	-15
274.081351362	10	-15
274.05	10.0324555397	-15
274.033431128	10.05	-15
274	10.0860947773	-15
273.987343541	10.1	-15
273.95	10.1418884248	-15
273.942862406	10.15	-15
273.9	10.1998670876	-15
273.899886765	10.2	-15
273.857861033	10.25	-15
273.85	10.2596100777	-15
273.817070737	10.3	-15
273.8	10.3215368837	-15
273.777378009	10.35	-15
273.75	10.3853495345	-15
273.73854201	10.4	-15
273.700188658	10.45	-15
273.7	10.4502447695	-15
273.660918456	10.5	-15
273.65	10.5139263242	-15
273.620983392	10.55	-15
273.6	10.5758379072	-15
273.579767959	10.6	-15
273.55	10.6348631173	-15
273.536641754	10.65	-15
273.5	10.6904367417	-15
273.491049181	10.7	-15
273.45	10.7425689846	-15
273.442625709	10.75	-15
273.4	10.7916857474	-15
273.391305226	10.8	-15
273.35	10.838420514	-15
273.337368922	10.85	-15
273.3	10.8834526777	-15
273.281403758	10.9	-15
273.25	10.9274141565	-15
273.224177691	10.95	-15
273.2	10.9708475143	-15
273.166476679	11	-15
273.15	11.0141907066	-15
273.108957756	11.05	-15
273.1	11.0577715725	-15
273.052055001	11.1	-15
273.05	11.1018051744	-15
273	11.1461116131	-15
272.995662747	11.15	-15
272.95	11.1908602089	-15
272.939904684	11.2	-15
272.9	11.2360345677	-15
272.884654884	11.25	-15
272.85	11.2813804537	-15
272.829517019	11.3	-15
272.8	11.3265894622	-15
272.774027252	11.35	-15
272.75	11.3713502139	-15
272.717707953	11.4	-15
272.7	11.4153977722	-15
272.660112107	11.45	-15
272.65	11.4585459769	-15
272.600850585	11.5	-15
> -10 contour -Z-10
276	8.67276681513	-10
275.957875445	8.7	-10
275.95	8.70488702059	-10
275.9	8.73549269289	-10
275.876664853	8.75	-10
275.85	8.76590619981	-10
275.8	8.79650548585	-10
275.794263876	8.8	-10
275.75	8.82588492334	-10
275.710486937	8.85	-10
275.7	8.85615311861	-10
275.65	8.88568571061	-10
275.626448457	8.9	-10
275.6	8.9154638797	-10
275.55	8.94571346454	-10
275.542921558	8.95	-10
275.5	8.97502116263	-10
275.458972391	9	-10
275.45	9.0052693218	-10
275.4	9.03459991068	-10
275.374340993	9.05	-10
275.35	9.06409414709	-10
275.3	9.09351719096	-10
275.288873322	9.1	-10
275.25	9.12181375623	-10
275.201025331	9.15	-10
275.2	9.15056808889	-10
275.15	9.17717595994	-10
275.107786766	9.2	-10
275.1	9.20402421653	-10
275.05	9.22880759537	-10
275.007317185	9.25	-10
275	9.25343947113	-10
274.95	9.27582551241	-10
274.9	9.29827562384	-10
274.895991993	9.3	-10
274.85	9.31850573123	-10
274.8	9.33873802498	-10
274.772120073	9.35	-10
274.75	9.35836462975	-10
274.7	9.37736594677	-10
274.65	9.39730186276	-10
274.64333745	9.4	-10
274.6	9.41662189364	-10
274.55	9.43721477389	-10
274.520927632	9.45	-10
274.5	9.45886563361	-10
274.45	9.48154593408	-10
274.413005349	9.5	-10
274.4	9.50636699498	-10
274.35	9.53262093365	-10
274.319917828	9.55	-10
274.3	9.56149171591	-10
274.25	9.59290587753	-10
274.239432877	9.6	-10
274.2	9.62681907564	-10
274.1686818	9.65	-10
274.15	9.6641179651	-10
274.105768552	9.7	-10
274.1	9.70480104983	-10
274.05	9.7487858152	-10
274.048676548	9.75	-10
274	9.79595492147	-10
273.99588787	9.8	-10
273.95	9.84640873447	-10
273.946555814	9.85	-10
273.9	9.89980323415	-10
273.899819925	9.9	-10
273.854702073	9.95	-10
273.85	9.95532589257	-10
273.81097354	10	-10
273.8	10.0128473461	-10
273.768407434	10.05	-10
273.75	10.0721818119	-10
273.726887892	10.1	-10
273.7	10.1332525045	-10
273.686365014	10.15	-10
273.65	10.1959938075	-10
273.646791263	10.2	-10
273.607335028	10.25	-10
273.6	10.2595054954	-10
273.568063733	10.3	-10
273.55	10.3234266222	-10
273.528906803	10.35	-10
273.5	10.3869079992	-10
273.48937537	10.4	-10
273.45	10.4486258539	-10
273.448841575	10.45	-10
273.405915013	10.5	-10
273.4	10.5067737252	-10
273.360689333	10.55	-10
273.35	10.5614908218	-10
273.312832004	10.6	-10
273.3	10.612947014	-10
273.262181923	10.65	-10
273.25	10.6616145968	-10
273.208963189	10.7	-10
273.2	10.7081712574	-10
273.153762615	10.75	-10
273.15	10.7533268601	-10
273.1	10.7974805998	-10
273.097154788	10.8	-10
273.05	10.8410143875	-10
273.039829595	10.85	-10
273	10.884662655	-10
272.982708187	10.9	-10
272.95	10.9286476016	-10
272.926084366	10.95	-10
272.9	10.9730447769	-10
272.870002225	11	-10
272.85	11.0178138196	-10
272.81433484	11.05	-10
272.8	11.0628340513	-10
272.758858246	11.1	-10
272.75	11.1079398721	-10
272.703306592	11.15	-10
272.7	11.152952674	-10
272.65	11.1974949967	-10
272.647174512	11.2	-10
272.6	11.2413175046	-10
272.590081136	11.25	-10
272.55	11.2845537707	-10
272.532072373	11.3	-10
272.5	11.3271000177	-10
272.472898492	11.35	-10
272.45	11.3688742578	-10
272.4122621	11.4	-10
272.4	11.4098029077	-10
272.35	11.4497901611	-10
272.349732937	11.45	-10
272.3	11.4874878332	-10
272.283377407	11.5	-10
> -5 contour -Z-5
276	8.39928404987	-5
275.998845467	8.4	-5
275.95	8.42865610868	-5
275.914429355	8.45	-5
275.9	8.45817936659	-5
