-90.9966 12.6934
-90.933 12.6621
-90.8694 12.6204
-90.8059 12.6101
-90.7423 12.5892
-90.6787 12.558
-90.6257 12.5372
-90.5727 12.5268
-90.5198 12.5164
-90.4774 12.4956
-90.4244 12.4747
-90.382 12.4539
-90.3185 12.4435
-90.2655 12.4123
-90.2125 12.4019
-90.1595 12.3706
-90.0959 12.3602
-90.0429 12.329
-89.9899 12.2977
-89.937 12.2769
-89.8734 12.2351
-89.8204 12.2248
-89.7674 12.2039
-89.725 12.1726
-89.6508 12.1518
-89.5767 12.1311
-89.5025 12.1207
-89.4495 12.0894
-89.3859 12.0477
-89.333 12.0373
-89.28 12.0061
-89.2164 11.9957
-89.1316 11.9645
-89.0787 11.9436
-89.0151 11.9333
-88.9409 11.9125
-88.8879 11.8708
-88.8244 11.8499
-88.7502 11.8187
-88.6866 11.777
-88.6336 11.7352
-88.6018 11.7144
-88.5488 11.6936
-88.4958 11.6727
-88.4416 11.6624
-88.3792 11.6311
-88.305 11.5789
-88.2626 11.5372
-88.1802 11.5068
-88.1402 11.4868
-88.0502 11.4668
-87.9999 11.4436
-87.9447 11.4122
-87.9129 11.3809
-87.8705 11.3496
-87.8281 11.3288
-87.7963 11.287
-87.7645 11.2662
-87.7326 11.2349
-87.7008 11.2035
-87.6584 11.1722
-87.6266 11.1514
-87.6054 11.1305
-87.563 11.0992
-87.5312 11.0784
-87.4888 11.0575
-87.4464 11.0371
-87.4 11
-87.3764 10.97
-87.3404 10.9428
-87.3191 10.8905
-87.2767 10.8697
-87.2661 10.8279
-87.2236 10.7966
-87.1918 10.7548
-87.1388 10.7131
-87.0858 10.6714
-87.0434 10.6296
-87.001 10.5983
-86.9585 10.5461
-86.9161 10.5044
-86.8737 10.4626
-86.8312 10.4104
-86.7888 10.3582
-86.7463 10.306
-86.6933 10.2538
-86.6509 10.2121
-86.5979 10.1703
-86.566 10.1286
-86.5236 10.0659
-86.4811 10.0137
-86.4493 9.9615
-86.4069 9.9093
-86.375 9.86754
-86.3432 9.82577
-86.2902 9.77359
-86.2583 9.73182
-86.2053 9.66918
-86.1734 9.62742
-86.131 9.58567
-86.0886 9.55438
-86.0462 9.51263
-85.9932 9.46044
-85.9613 9.42913
-85.9189 9.39783
-85.8765 9.36654
-85.8341 9.33524
-85.7917 9.30395
-85.7493 9.2831
-85.7069 9.25181
-85.6751 9.21004
-85.6115 9.18923
-85.5585 9.16841
-85.4949 9.1476
-85.4526 9.14766
-85.3996 9.14774
-85.3255 9.1583
-85.2937 9.12699
-85.2407 9.10616
-85.1983 9.08532
-85.1453 9.05404
-85.1135 9.03318
-85.0817 9.00187
-85.0393 8.96012
-84.9969 8.94973
-84.9228 8.92894
-84.891 8.92899
-84.8592 8.89767
-84.838 8.88725
-84.8062 8.8873
-84.7744 8.86644
-84.7426 8.84558
-84.7002 8.81429
-84.6684 8.81433
-84.6154 8.79351
-84.5201 8.7832
-84.4671 8.76237
-84.4353 8.72061
-84.4035 8.67884
-84.3293 8.65805
-84.2551 8.63725
-84.2233 8.60594
-84.1704 8.59557
-84.1174 8.56429
-84.0856 8.55388
-84.0537 8.52257
-84.0114 8.50173
