65751.5044824831 1406475.15455354
72619.5575681298 1402901.26342817
79471.9232906145 1398177.16894954
86365.8814773397 1396934.65253735
93254.0786564727 1394519.43023663
100127.043520799 1390965.12795051
105863.467290889 1388580.88919161
111616.162163225 1387350.09602599
117358.148172873 1386120.73587065
121942.388742774 1383755.74967845
127680.837727054 1381365.68690233
132266.33348501 1379002.77726154
139163.581726402 1377763.77553019
144889.850758516 1374237.21216234
150645.071138274 1373015.40326121
156373.099187895 1369480.63257045
163283.115100271 1368248.07242433
169013.255960064 1364727.47556501
174744.483901719 1361197.26991543
180478.713850517 1358831.06027807
187353.937991973 1354129.03172146
193113.121762379 1352928.0399007
198860.528537721 1350554.94946047
203442.760504344 1347043.6047929
211500.729821055 1344661.43991973
219548.766684702 1342292.91363366
227619.006525426 1341066.63102455
233359.904566729 1337550.40337627
240246.602688211 1332874.61904733
245999.013707596 1331674.23833142
251743.493191538 1328173.39512616
258662.506409289 1326966.07983836
267873.464947936 1323441.17148325
273619.130592972 1321084.91804316
280539.867501646 1319894.13734136
288607.618199585 1317535.31832189
294350.711295317 1312882.37431479
301254.834652904 1310524.24614232
309318.720389306 1307021.16087602
316221.942585269 1302365.96340789
321971.616757552 1297708.24936499
325424.923013597 1295387.66560124
331189.927747444 1293054.78983112
336955.626513206 1290712.04795614
342858.881759824 1289542.20254763
349645.189285555 1286046.61435582
357709.048568642 1280235.34409373
362312.480726595 1275602.82123424
371285.649406726 1272202.5775698
375639.877558652 1269973.19371107
385449.055585673 1267724.12610847
390927.182971002 1265139.08597851
396937.781159836 1261646.56563599
400396.387288188 1258174.28710971
405012.491509953 1254698.97298094
409632.879288451 1252385.47092283
413090.696550001 1247753.72685129
416555.587454239 1245444.5121347
420028.986733729 1241974.65414954
423492.193779763 1238494.19574365
428113.569699525 1235022.62235714
431580.868710667 1232715.19678896
433891.08302097 1230399.45671029
438514.697740131 1226929.51195594
441983.574337451 1224623.29385731
446610.728062865 1222304.49961461
451238.600102138 1220041.67682765
456301.597142469 1215932.49238332
458875.68631213 1212612.18012075
462805.585893898 1209600.12044926
465126.892610172 1203815.0363772
469758.551579788 1201510.74952304
470913.028262286 1196888.14516524
475556.126975506 1193423.78518952
479029.612413618 1188799.8994696
484822.281788352 1184186.33501846
490616.532569359 1179573.79895079
495252.938332456 1174951.36622462
499890.60958393 1171490.47345255
504540.469599182 1165719.50211579
509180.64276071 1161110.05636384
513822.064248811 1156490.18335248
518476.28538767 1150721.11252544
523121.100434753 1144952.65319703
527778.39354545 1139184.80938481
533587.087461042 1133418.64310936
538235.403967016 1128813.00716193
544046.085942835 1124198.31706064
547546.630859876 1119592.43242083
552201.941645333 1112666.74194556
556868.143533012 1106902.50774724
560362.941045547 1101136.85009888
565020.9197099 1095373.53865269
568526.860139122 1090762.85411076
572022.701782931 1086151.33454784
577846.958172667 1080393.95791192
581355.883799689 1075783.22403145
587185.898176526 1068870.61271389
590697.012722471 1064261.71746947
595361.282484296 1059657.0874481
600023.637598252 1056209.4762214
604690.049372924 1051605.82159444
610524.652057955 1045851.63990653
614037.235233856 1042399.95390644
618703.462558317 1038953.16839909
623370.550101679 1035507.96546949
628038.503171768 1032062.12821564
632707.312964988 1028617.86265326
637372.917951068 1026328.48462446
642043.319578909 1022885.15077585
645554.182151387 1018279.05515097
652551.504726077 1016004.3197753
658384.895130887 1013724.91506546
665384.076710993 1011452.22514976
670033.141616967 1011478.55364175
675858.331934491 1011512.84706309
683997.471805084 1012717.76148844
687509.089772792 1009271.34950671
693346.313488358 1006995.48791195
698018.969324352 1004713.44646314
703863.606180182 1001283.05009833
707372.120731018 998993.736199677
710887.133066658 995548.776420307
715574.754931716 990955.417376426
720244.601663579 989831.263045104
728408.357379788 987576.648427813
731906.547873712 987602.023543927
735424.905581962 984157.428326442
737764.06374971 983018.265318959
741262.835638819 983044.353243983
744775.550969639 980757.474671621
748288.702410936 978470.803070527
752975.949758869 975037.585504066
756475.734842799 975063.697820067
762323.606661652 972796.956182023
772821.024903659 971724.285637997
778670.869962501 969458.382964067
782203.209227813 964861.15612793
785736.271284735 960262.906058884
793923.519512882 958018.916241404
802112.112553529 955775.154503259
805639.933520778 952335.34447864
811475.796861959 951230.311483416
817340.617097815 947811.694559006
820853.047880131 946685.875928189
824394.44075305 943246.980144687
829073.636011977 940975.959300152
