-89120.998711139 985430.024459357
-86766.2949591136 978147.777849651
-85250.3199788928 970066.993375331
-81204.4952083586 964399.644916806
-78006.36486947 957911.238356655
-75638.6880769998 950631.761654931
-73245.0126943256 944963.552999421
-70011.6190299404 940092.892698618
-66785.5646343394 935229.571666599
-65204.7263732128 930374.200132637
-62816.6827673961 924695.880305557
-61234.5990392527 919839.263304578
-57191.9198297094 914159.317458617
-55631.7376188866 907687.33533854
-52395.0738492221 902813.404932458
-50841.1277568594 896331.915982415
-46788.3885719833 890641.910161121
-45224.4824980162 884166.2041779
-43667.5152193821 877681.694041586
-41272.4235370067 872012.069086374
-39742.5275834781 863901.62069032
-36493.6142344566 859031.183653308
-34096.507086624 853343.800284212
-33350.1706835133 847669.921023421
-29312.1389963656 840357.356063437
-25272.820562179 833059.247304842
-20397.7601083199 826546.920214565
-18831.7929661009 820053.410214666
-17283.4814180738 811940.28917254
-14045.7181936138 807065.259311662
-12468.6062761872 800576.347484982
-8405.98861453651 794876.463186913
-4378.2965095063 785936.97117263
-1980.08708029033 780248.485522151
2092.35206818823 774554.522685681
6140.32810310766 767232.013377926
6882.25721952358 759925.274767412
10100.1391946595 753417.116571013
13318.646051391 745286.809805028
14881.4740265543 737159.172335766
15621.0438008226 729839.050118972
16407.8634850619 725777.697161897
18829.2172443734 720081.81012975
21243.2346912263 714377.516461634
24597.8706248281 709401.356840042
26906.4829146292 702165.20169256
28456.1705080259 692397.69502022
28394.4221464624 685894.633887685
32321.6654460421 677181.534266268
33810.0032805111 672544.60674638
39155.9978142337 664050.022527238
41184.8195200206 658368.836786366
42938.1366889328 651672.233811346
42894.7573050311 646788.070337567
43670.0674606481 641085.217324269
45283.5318027754 636197.219709306
44404.8664358942 630495.332633662
45201.2803461606 626424.385450559
45168.8078877837 621529.315051256
45121.2642179923 616633.572914939
45900.8728146474 610926.421460603
46699.237661235 606853.52334118
46671.3424155836 603591.142365569
47452.7620216057 597882.179901866
48252.3966826819 593808.011967954
49863.3390697582 588906.793359615
51514.5948968706 584043.976053375
52145.9644398303 577571.972643963
51581.542638329 573413.509917336
52198.7270411083 568514.243542387
49682.9203956104 562796.488160514
51305.3767118673 557899.498571422
48799.20479651 553825.118044253
49595.2449626797 548101.535020403
48729.5187965457 542386.708744011
49512.2244315254 535039.193614933
50296.1875024301 527690.42104993
50253.3946572169 521152.661452617
51046.0883011269 515432.424951027
50186.5588714442 508074.135301766
50154.7653191321 501541.11935998
50116.0338311874 494999.298405398
49260.1002235859 487637.412934056
48397.7068347456 480281.987243953
47544.3305988406 472917.544400915
47505.5260473791 464738.529873433
47480.3434749413 458198.902951772
48269.462168441 450829.231815747
47432.6986969151 445101.185793174
45744.6650387725 436918.390787528
44898.6190553943 429546.617691963
43224.2424540522 423003.175214361
42372.7410062051 415636.857583265
41535.7537110691 409899.589615246
40690.9428732262 404168.570895092
40666.3491589272 395978.494120133
39831.0381857974 390237.975535265
38980.2159078402 381227.41491849
38147.5190537329 375485.856509442
38131.2808925246 368929.413702339
38944.2757955622 363190.450236463
38929.7057341053 356632.339329608
38912.5436341865 348433.256645426
38910.9900386504 343505.693088439
39726.1347272893 337763.005542119
40542.7106589917 332020.461047579
41359.132095072 326276.496753818
42176.9786701385 320532.681615913
43821.2830639427 315605.972475059
44640.2771608799 309861.009815285
43807.5088266267 304117.94859154
47103.8074044901 297545.542445998
49576.1962135451 291795.471774422
52873.6392785093 285221.92114178
56165.66875074 281939.337438605
60290.8133373481 277826.787210739
66883.679422308 272896.37647968
66881.4985893201 267969.440160144
69355.306922423 262216.375669678
71004.909924716 257285.942215178
72654.496514105 250711.961357794
73479.4317593813 246603.047070626
73479.6643486968 241673.697328787
73480.4158836526 235100.264825519
75957.1321741433 230987.856193453
80078.3068610419 223593.722528561
82555.0469709738 221124.853892843
82556.7676410232 216192.441775427
83383.3766709144 213725.417519433
85860.3978722988 211256.267792262
86688.0603096327 207144.626313036
87516.0116594163 203032.695921361
88346.2170216856 197276.521996253
90822.9385763333 194806.097620976
93304.0153198675 189047.339014921
99904.680691193 180823.575660762
102385.972433583 175063.027761008
101568.963280567 169305.781650869
100751.737354357 163547.178019082
104887.597059655 156138.359335791
109023.310530524 148728.112592086
109032.05276269 143790.253207397
112332.544582445 138857.217635752
113994.617288919 132270.750661283
115650.232005985 128976.295012956
115668.399465788 124029.010400629
117320.802245725 119095.777168486
